2220.874
-9.9602
-9.9602
-8.1967
-8.1967
-4.0519
-4.0519
5.4107
-5.4107
-5.4107
13.5709
-5.6657
-5.6657
-7.9051
-7.9051
618.3968
-91.9963
-91.9963
-100.0
-100.0
-294.1176
-294.1176
-53.5046
-53.5046
-73.3676
-73.3676
8.0
-8.0
-8.0
5.2511
-1.5267
-1.5267
-3.7244
-3.7244
12.5098
-0.5
-0.5
-2.6192
-2.6192
-3.6036
-3.6036
-5.787
-5.787
91.9963
10.2145
-10.2145
-10.2145
277.3766
-127.2265
-127.2265
-150.1501
-150.1501
79.8003
-50.3018
-50.3018
-29.4985
-29.4985
13.0156
-1.3333
-1.3333
-2.1584
-2.1584
-9.5238
-9.5238
1.3333
2.1584
7.0126
-7.0126
-7.0126
60.1258
-21.7865
-21.7865
-7.0373
-7.0373
-4.8054
-4.8054
100.1224
-17.6056
-17.6056
-17.6056
-17.6056
-14.3062
-14.3062
-28.8184
-28.8184
0.5
7.0373
17.6056
17.6056
105.8066
-37.3134
-37.3134
-68.4931
-68.4931
238.1596
-81.9672
-81.9672
-108.6956
-108.6956
-10.1833
-10.1833
7.8064
-7.8064
-7.8064
25.048
-4.7416
-4.7416
-12.5
-12.5
72.5844
-42.3729
-42.3729
-30.2115
-30.2115
423.7288
-423.7288
-423.7288
1022.734
-3.7675
-3.7675
-595.2381
-595.2381
7.6137
-4.3879
-4.3879
-3.2258
-3.2258
5.4289
-5.4289
-5.4289
28.9127
-17.094
-17.094
-6.3898
-6.3898
16.3766
-5.0
-5.0
-11.3766
-11.3766
106.1647
-62.1118
-62.1118
-44.0529
-44.0529
62.1118
13.6054
-13.6054
-13.6054
1122.904
-1111.111
-1111.111
-11.7925
-11.7925
208.5616
-8.5616
-8.5616
-200.0
-200.0
19.287
-11.0497
-11.0497
-8.2372
-8.2372
50.4298
-22.5734
-22.5734
-16.8067
-16.8067
107.3191
-84.7458
-84.7458
1125.308
-11.655
-11.655
-1111.111
-1111.111
-2.5419
-2.5419
40.6302
-34.8432
-34.8432
-5.787
-5.787
32.2581
-32.2581
-32.2581
50.4519
-11.9904
-11.9904
-38.4615
-38.4615
21.8901
-6.2933
-6.2933
-4.9975
-4.9975
-5.3362
-5.3362
-5.2632
-5.2632
14.9535
-6.7568
-6.7568
29.2795
-3.42
-3.42
-14.2045
-14.2045
1682.986
-114.0251
-114.0251
-1333.333
-1333.333
-180.1802
-180.1802
-55.4477
-55.4477
65.3934
-47.6191
-47.6191
-6.0096
-6.0096
-11.7647
-11.7647
168.4125
-111.1111
-111.1111
-5.0761
-5.0761
-4.6062
-4.6062
39.4464
-24.2718
-24.2718
-15.1745
-15.1745
10.485
-4.8193
-4.8193
89.1608
-37.8788
-37.8788
-51.282
-51.282
14.7029
-6.8966
-6.8966
-7.8064
-7.8064
40.846
-21.978
-21.978
-18.8679
-18.8679
20.8447
-9.6339
-9.6339
-11.2108
-11.2108
19.2146
-14.4092
-14.4092
8.2908
-6.25
-6.25
-2.0408
-2.0408
63.9985
-13.8889
-13.8889
-43.8597
-43.8597
2.0408
25.7063
-18.1818
-18.1818
-7.5245
-7.5245
8.0841
-8.0841
-8.0841
17.0014
-0.6702
-0.6702
-3.3411
-3.3411
-9.5238
-9.5238
-3.4662
-3.4662
0.6702
68.6351
-56.1798
-56.1798
-5.6433
-5.6433
-6.812
-6.812
56.1798
794.4359
-9.7276
-9.7276
-714.2858
-714.2858
-70.4225
-70.4225
63.7408
-23.4192
-23.4192
-15.0761
-15.0761
-10.7527
-10.7527
-14.4927
-14.4927
9.7276
898.1736
-64.1026
-64.1026
-8.4674
-8.4674
-49.6278
-49.6278
-15.015
-15.015
-23.2558
-23.2558
309.7514
-22.5225
-22.5225
-22.5225
-22.5225
-27.027
-27.027
-57.4713
-57.4713
-45.683
-45.683
44.6596
-8.2919
-8.2919
-8.4246
-8.4246
-2.1739
-2.1739
-2.2257
-2.2257
10.7527
22.5225
22.5225
27.027
43.257
-11.6279
-11.6279
-25.641
-25.641
-5.988
-5.988
14.9549
-1.3242
-1.3242
-2.0028
-2.0028
59.7836
-18.9933
-18.9933
-18.5185
-18.5185
-22.2717
-22.2717
76.9893
-9.7656
-9.7656
-3.3322
-3.3322
-9.6618
-9.6618
-33.3333
-33.3333
-1.9029
-1.9029
54.8651
-34.2466
-34.2466
-20.6186
-20.6186
130.6548
-106.383
-106.383
8.6512
-4.8804
-4.8804
-3.7707
-3.7707
18.5295
-4.1203
-4.1203
318.4947
-294.1176
-294.1176
-14.0252
-14.0252
-3.5448
-3.5448
-3.0395
-3.0395
11.6144
-11.6144
-11.6144
55.873
-40.0
-40.0
-15.873
-15.873
345.7321
8.1511
-4.81
-4.81
215.0901
-125.0
-125.0
-90.0901
-90.0901
295.4285
-38.7597
-38.7597
-38.9105
-38.9105
-11.534
-11.534
-23.753
-23.753
79.7815
-74.6269
-74.6269
-5.1546
-5.1546
38.7597
38.9105
94.0536
-7.8927
-7.8927
7.8927
17.5513
-10.7991
-10.7991
-6.7522
-6.7522
15.5733
-5.8928
-5.8928
-9.6805
-9.6805
76.2712
-33.8983
-33.8983
1230.337
-116.2791
-116.2791
-769.2308
-769.2308
-344.8276
-344.8276
26.0417
-26.0417
-26.0417
79.6699
-22.4719
-22.4719
-10.0
-10.0
-9.1659
-9.1659
104.405
-55.6483
-55.6483
-48.7567
-48.7567
85.5358
-4.717
-4.717
-17.7936
-17.7936
-18.3823
-18.3823
-44.6429
-44.6429
4.717
14.4092
-14.4092
-14.4092
41.133
-20.0803
-20.0803
-21.0526
-21.0526
91.6945
-72.4638
-72.4638
-19.2308
-19.2308
9.7847
-9.7847
-9.7847
1.0299
-1.0299
-1.0299
2.1645
-2.1645
-2.1645
26.69
-3.4928
-3.4928
-6.8027
-6.8027
-3.4153
-3.4153
140.1105
-36.7647
-36.7647
-37.3134
-37.3134
-46.9484
-46.9484
-19.084
-19.084
14.0104
-2.6042
-2.6042
-5.3967
-5.3967
13.9848
-3.3807
-3.3807
32.2402
-18.2149
-18.2149
36.7678
-18.5529
-18.5529
29.7563
-19.084
-19.084
-10.6724
-10.6724
28.7155
-10.1626
-10.1626
176.9231
-76.9231
-76.9231
16.9491
-16.9491
-16.9491
33.942
-5.7837
-5.7837
-12.9032
-12.9032
-9.6339
-9.6339
-5.6211
-5.6211
38.087
-7.5188
-7.5188
-3.0184
-3.0184
28.7179
3.2949
-3.2949
-3.2949
10.283
-6.9881
-6.9881
39.1091
-19.8413
-19.8413
-19.2678
-19.2678
56.2528
-18.9394
-18.9394
-37.3134
-37.3134
19.8413
15.9744
-15.9744
-15.9744
15.9744
-15.9744
-15.9744
18.3823
-18.3823
-18.3823
62.1118
-62.1118
-62.1118
54.3478
-54.3478
-54.3478
22.5734
-22.5734
-22.5734
405.7852
-333.3333
-333.3333
-59.1716
-59.1716
-13.2802
-13.2802
444.0341
-370.3704
-370.3704
-60.241
-60.241
-13.4228
-13.4228
125.4902
-58.8235
-58.8235
-66.6667
-66.6667
13.5685
-13.5685
-13.5685
173.0337
754.0349
643.3154
-188.6792
-188.6792
-188.6792
-188.6792
-12.1803
-12.1803
-22.6244
-22.6244
274.5828
-31.5557
-31.5557
13.2802
13.4228
86.1757
-8.5763
-8.5763
-6.8781
-6.8781
-70.7214
-70.7214
31.8958
19.6078
-9.8039
-9.8039
-9.8039
-9.8039
36.0613
-20.6078
-20.6078
-15.4536
-15.4536
38.1283
-10.101
-10.101
52.8685
-5.3714
-5.3714
-2.452
-2.452
-45.0451
-45.0451
55.5095
-5.4437
-5.4437
-2.4468
-2.4468
-47.6191
-47.6191
29.8601
-15.625
-15.625
4.8988
218.7209
-17.3611
-17.3611
10009.68
-10000.0
-10000.0
10004.74
410.3967
95.7428
-40.7347
-40.7347
-10.023
-10.023
-21.1685
-21.1685
-16.4636
-16.4636
-7.3529
-7.3529
202.015
-19.4364
-19.4364
-141.844
-141.844
2.2099
-2.2099
-2.2099
8.6687
-1.7721
-1.7721
132.4126
-22.5225
-22.5225
-109.8901
-109.8901
1076.971
-999.9999
-999.9999
-15.5982
-15.5982
-27.3598
-27.3598
-34.0136
-34.0136
2.6192
11.8661
-8.071
-8.071
-3.7951
-3.7951
1022.522
66.8003
-66.8003
-66.8003
77.0499
-4.9731
-4.9731
-5.2765
-5.2765
179.1667
-166.6667
-166.6667
76.9231
-76.9231
-76.9231
111.7663
618.791
-19.4326
-19.4326
41.1108
-9.2421
-9.2421
-25.5755
-25.5755
41.5002
3.6765
-3.6765
-3.6765
5.4201
-5.4201
-5.4201
36.9437
-14.4718
-14.4718
14.3215
14.6413
-14.6413
-14.6413
89.8293
-75.188
-75.188
17.094
48.7011
-3.3199
-3.3199
-10.1761
-10.1761
-16.6058
-16.6058
3.3199
10.1761
14.2949
38.5442
4.0978
-2.4284
-2.4284
-1.6694
-1.6694
0.1704
-0.1704
-0.1704
12.4392
-2.745
-2.745
209.3358
-8.0
-8.0
-12.0149
-12.0149
-17.8444
-17.8444
-30.4878
-30.4878
-14.1683
-14.1683
-36.5631
-36.5631
29.5478
-10.201
-10.201
-11.3469
-11.3469
10.201
11.3469
12.0149
17.8444
28.4983
-18.315
-18.315
10.6117
-8.1833
-8.1833
101.3767
-42.5532
-42.5532
4.8054
-4.8054
-4.8054
8.1833
40.3138
-20.8812
-20.8812
124.7892
-104.1667
-104.1667
1214.533
-1123.595
-1123.595
-5.7584
-5.7584
-85.1789
-85.1789
1543.608
-15.4987
-15.4987
-93.2836
-93.2836
-53.1067
-53.1067
-16.8719
-16.8719
5.7584
149.5704
-64.3915
-64.3915
21.7774
-6.2786
-6.2786
6.2786
8.7951
-8.7951
-8.7951
45.5701
-20.8768
-20.8768
-15.8983
-15.8983
9.9613
16.7371
-8.3126
-8.3126
33.0113
10.2947
-5.7013
-5.7013
-4.5935
-4.5935
243.9951
-181.8182
-181.8182
-11.4155
-11.4155
-50.7614
-50.7614
278.1384
-46.6636
-46.6636
-5.4675
-5.4675
-28.7356
-28.7356
11.4155
77.5711
-26.8097
-26.8097
978.0083
-59.5238
-59.5238
-149.2537
-149.2537
14.1753
-10.5042
-10.5042
-3.6711
-3.6711
24.7521
-3.9936
-3.9936
-7.1531
-7.1531
27.5141
-14.7059
-14.7059
-5.711
-5.711
-7.0972
-7.0972
74.144
-24.3902
-24.3902
-4.6447
-4.6447
238.1674
-200.0
-200.0
-8.1169
-8.1169
-11.1111
-11.1111
224.6879
15.2439
-15.2439
-15.2439
19.7586
-4.5147
-4.5147
36.4963
-36.4963
-36.4963
95.4542
-55.2486
-55.2486
-3.7092
-3.7092
100.6927
-19.305
-19.305
-65.7895
-65.7895
329.6231
-200.0
-200.0
-11.9761
-11.9761
-117.647
-117.647
285.188
11.9761
144.4567
165.7238
-62.2084
-62.2084
-87.6424
-87.6424
82.1884
-58.0046
-58.0046
-24.1838
-24.1838
151.4337
-40.3226
-40.3226
48.5152
-4.4623
-4.4623
8.2309
-4.2373
-4.2373
26.7508
-9.3897
-9.3897
329.2194
-186.5672
-186.5672
-38.5802
-38.5802
-72.5163
-72.5163
28.6242
-27.1739
-27.1739
-1.4503
-1.4503
27.1739
36.9804
-30.1024
-30.1024
129.9704
99.0062
-78.125
-78.125
45.4868
-7.7125
-7.7125
20007.71
-10000.0
-10000.0
-10000.0
-10000.0
10000.0
10000.0
10.8454
-7.5131
-7.5131
14.7568
-8.0
-8.0
1.4599
-1.4599
-1.4599
103.4288
-40.0
-40.0
-49.0196
-49.0196
49.4599
141.7923
-10.9673
-10.9673
-22.2717
-22.2717
-48.1541
-48.1541
-42.0168
-42.0168
545.1684
-90.7441
-90.7441
-90.009
-90.009
-89.1266
-89.1266
-28.6615
-28.6615
-60.0601
-60.0601
90.7441
90.009
89.1266
204.9044
-4.9044
-4.9044
172.7262
-63.6943
-63.6943
-27.6243
-27.6243
26.7418
-5.7837
-5.7837
10.8049
10.9673
12.33
-8.2781
-8.2781
6.8027
-6.8027
-6.8027
33.4147
-4.6339
-4.6339
146.1642
-72.2543
-72.2543
-73.9098
-73.9098
1493.041
-17.2414
-17.2414
-26.8817
-26.8817
-18.1818
-18.1818
43.926
-13.3156
-13.3156
-13.369
-13.369
13.3156
13.369
27.821
-9.542
-9.542
-8.3403
-8.3403
-6.3939
-6.3939
12.3225
-4.6773
-4.6773
-7.6453
-7.6453
278.5131
-81.6993
-81.6993
273.0466
-86.2069
-86.2069
-104.1667
-104.1667
-18.2815
-18.2815
86.2069
15.7583
-10.9529
-10.9529
42.0658
8.1169
273.4638
39.028
-3.4928
-3.4928
-18.0832
-18.0832
-17.452
-17.452
151.9719
-49.0196
-49.0196
-49.0196
-49.0196
65.0281
-5.9666
-5.9666
-5.9666
-5.9666
124.4662
17.452
59.0678
-4.0816
-4.0816
59.0678
-4.0816
-4.0816
4.0816
4.0816
10.7991
-10.7991
-10.7991
81.4247
-30.303
-30.303
39.0625
-39.0625
-39.0625
507.6858
-5.6818
-5.6818
-500.0
-500.0
-2.004
-2.004
328.2356
-212.766
-212.766
503.4153
2.004
100.9094
-12.8025
-12.8025
5112.385
-2000.0
-2000.0
-2000.0
-2000.0
-500.0
-500.0
-500.0
-500.0
-8.5106
-8.5106
-41.6667
-41.6667
2077.786
-11.5607
-11.5607
-66.2252
-66.2252
11.5607
2077.786
-11.5607
-11.5607
-66.2252
-66.2252
11.5607
1166.652
-555.5555
-555.5555
17.5979
-13.21
-13.21
57.2854
-33.1016
-33.1016
46.6992
-45.2489
-45.2489
2286.153
-370.3704
-370.3704
-370.3704
-370.3704
-370.3704
-370.3704
-41.3223
-41.3223
238.1108
-60.241
-60.241
-60.241
-60.241
-60.241
-60.241
-42.3729
-42.3729
13.4228
-13.4228
-13.4228
13.4228
-13.4228
-13.4228
13.4228
-13.4228
-13.4228
59.9259
9.6608
-6.435
-6.435
444.0341
444.0341
444.0341
69.4749
-3.8462
-3.8462
13.5643
-9.7182
-9.7182
16.5105
-12.0482
-12.0482
10029.63
-9.0744
-9.0744
-10000.0
-10000.0
18.1818
-18.1818
-18.1818
1295.959
15.6091
3.1056
-3.1056
-3.1056
1120.004
74.3247
-64.9351
-64.9351
4.5872
-4.5872
-4.5872
9.6633
23.8961
-5.7143
-5.7143
92.8093
-14.6843
-14.6843
49.8711
12.2332
-6.5189
-6.5189
85.966
81.9563
-44.6429
-44.6429
2.1645
-2.1645
-2.1645
74.3359
-3.6145
-3.6145
90.2129
10.4691
-2.3981
-2.3981
3.6145
63.8367
-19.1939
-19.1939
4.9731
90.8585
-3.6206
-3.6206
-12.0337
-12.0337
-29.0698
-29.0698
-21.8866
-21.8866
86.7837
-24.2131
-24.2131
-3.811
-3.811
-12.1951
-12.1951
-21.7391
-21.7391
-3.9904
-3.9904
38.102
3.6206
3.811
12.0337
12.1951
49.9031
-20.8333
-20.8333
10089.31
-10000.0
-10000.0
9.4303
-6.0496
-6.0496
11.4339
192.3077
-192.3077
-192.3077
141.2346
-15.7853
-15.7853
-7.3589
-7.3589
-7.8734
-7.8734
-57.1102
-57.1102
32.0484
-8.1673
-8.1673
-8.0959
-8.0959
7.3589
8.1673
7.8734
8.0959
26.3811
42.5532
21.2314
-21.2314
-21.2314
1.1697
-1.1697
-1.1697
30.374
-3.5224
-3.5224
-11.5741
-11.5741
262.9839
-188.6792
-188.6792
-13.6986
-13.6986
-60.6061
-60.6061
277.7794
-26.3089
-26.3089
-26.483
-26.483
13.6986
84.359
111.3657
108.6043
-49.0196
-49.0196
123.0804
-92.5926
-92.5926
12.3307
8.5224
121.017
-23.4742
-23.4742
74.5727
127.6412
-35.2113
-35.2113
-84.0336
-84.0336
-8.3963
-8.3963
78.4239
-9.8135
-9.8135
249.7548
-153.8461
-153.8461
-11.8751
-11.8751
123.4568
-123.4568
-123.4568
8.3963
133.2703
248.3154
109.3951
10.0351
18.1129
-1.6493
-1.6493
1.6493
8.2201
-2.5189
-2.5189
386.1499
209.3694
-138.3126
-138.3126
38.3333
-5.0
-5.0
13.276
44.3075
133.2931
-10.582
-10.582
-23.5294
-23.5294
14.9203
13.9482
286.5966
19.0886
-13.8122
-13.8122
12.4632
85.6073
-37.4532
-37.4532
10037.45
212.2224
4.2355
-4.2355
-4.2355
12.0419
21.7692
117.284
-24.6914
-24.6914
60.4234
12.3726
-10.1626
-10.1626
31.5657
-31.5657
-31.5657
83.2819
-1.4144
-1.4144
2.5419
119.8663
-8.3333
-8.3333
-34.0136
-34.0136
-77.5194
-77.5194
8.3333
108.8545
343.4711
17.6871
42.0955
19.046
-8.4818
-8.4818
51.3229
-6.7795
-6.7795
-22.2717
-22.2717
32.6174
9.9639
8.4818
30.2115
17.3611
66.7082
12.0784
490.5505
-240.9639
-240.9639
91.8751
-80.0
-80.0
492.3723
155.0669
3.7244
39.503
-9.9701
-9.9701
10032.62
-10.3448
-10.3448
57.5176
13.2875
66.6289
7.5189
6.7674
7.758
-7.758
-7.758
26.1763
14.7083
19.6891
69.8581
-27.248
-27.248
-26.455
-26.455
-16.1551
-16.1551
83.5518
-39.0625
-39.0625
-17.2414
-17.2414
82.7589
-17.2414
-17.2414
10000.0
-10000.0
-10000.0
185.1032
-6.6225
-6.6225
-6.5359
-6.5359
-6.5359
-6.5359
10039.06
6.6225
6.5359
6.5359
73.4737
-65.7895
-65.7895
112.0369
10219.71
-6.9444
-6.9444
-10000.0
-10000.0
80.4968
-9.2593
-9.2593
-2.2727
-2.2727
-2.2727
-2.2727
-3.7807
-3.7807
-3.8895
-3.8895
10000.0
9.2593
2.2727
2.2727
3.7807
3.8895
9.5732
57.7427
6796.34
-69.6137
-69.6137
-6666.667
-6666.667
313.5161
-243.9024
-243.9024
78.3365
-68.0272
-68.0272
-10.3093
-10.3093
56.0289
-11.9761
-11.9761
-44.0529
-44.0529
69.9848
-35.9712
-35.9712
60.1258
-24.1546
-24.1546
92.1818
418.9939
-33.8983
-33.8983
-29.7619
-29.7619
-44.4444
-44.4444
-44.4444
-44.4444
33.8983
29.7619
44.4444
44.4444
66.5424
18.2815
6841.905
-32.0513
-32.0513
-70.6714
-70.6714
662.705
-265.6042
-265.6042
-32.2581
-32.2581
-88.8889
-88.8889
318.8808
-53.2765
-53.2765
204.9703
-51.0204
-51.0204
-51.0204
-51.0204
51.0204
51.0204
142.1654
22.6244
162.3038
-72.1679
-72.1679
-45.4133
-45.4133
-44.7227
-44.7227
64.7998
-44.0529
-44.0529
-20.7469
-20.7469
170.2748
-54.054
-54.054
20.7469
54.054
111.6384
110.9479