1871.784808085932
-8.843934628655141
-4.105763652780752
289.6985128226188
-11.388813676993031
-307.8727521860603
-192.70765423481532
3.3739865325637135
-3.788957848113765
-3.003020018899884
8.008963391943157
-3.387801741829403
-3.0507008083914444
59.28869363212438
2.9780958415066543
-158.10874808690315
-40.32623603978103
-0.9998784011311241
-8.679067736239162
-3.6421228254484515
3.822131955266309
28.157875122255966
-22.808456106514043
14.146289779178087
-27.010160528984393
-33.42783128029213
-15.42825902377123
102.07376271829305
-122.91416744208536
177.5731832035259
-194.67084531042394
-9.5877871247874
-0.5910436133885639
-7.444880898409802
-21.290183447111765
6.5296397343814405
207.7696636653149
-82.87851368685529
-627.839607702781
-4.553896451216421
-4.8696341365514755
18.862735957902743
-13.400185492761297
-1.196222701348249
-24.721171246974738
-62.89756852331456
20.768344929026515
-1456.6387643549215
51.37522205774589
-150.19905438250748
-0.5786378479182659
-29.512403225366427
-133.3076202113051
110.17632575972523
-234.5138421221316
-24.8925210009502
-11.07731062957209
-28.384822333082855
-17.67830225524577
11.449916412563383
-12.709161687277607
-1.5614053746095236
6.804119652650715
4.925988710050964
-11.350654953987164
1190.9436075001279
-2484.5111002742547
-110.209694098777
-11.94471662914697
-74.29370207538567
-24.39407270441167
-8.841605544661554
-0.3193098789636171
-4.8323913872224225
31.601061222281487
-14.235797276235445
-16.4245656655571
-11.407377941770836
-3.368386215886309
-0.583173383097634
-28.15551678114469
-21.0448917754093
-3.4837296605126014
9.590587580663446
-10.710843732230394
-2.463085933049307
-30.999436723627436
-13.274109758910896
109.17596487849471
-831.5751831466451
-54.20972018444395
-10.736801829202108
-9.05103785054745
596.6175577306246
-81.71917776815383
-33.14224168624542
-31.759441155734514
168.66144222234908
-43.52529084087227
-95.13449622781691
-25.074458396929476
-15.292351374422214
4.699276689866099
66.14476007450413
-18.533210425091422
-15.63921256485044
-6.6174697666645255
-1.0879563968423296
-4.885322032614356
-15.471234438629953
-30.143041077388823
-0.248122156180592
-47.52766627946709
-2.8305404462721935
19.791963267420073
3.020520783502061
5.7608975154015045
217.54694084190172
-265.0008164051231
-14.179814270620982
-2.2002285117553266
-8.07931800830371
-7.0930533216017135
104.11961401235791
-116.65572053100908
124.63514162925671
-82.75243267352911
-26.484270412330147
2.0349001696593234
-12.748020477396928
19.148698721688234
60.81969847356849
-7.8963423184519606
11.325028172914362
-8.072106633842555
-1.932932436665857
31.655986511357938
392.8591952594022
-193.12171065219798
-796.6479203536769
-39.54587609187576
-99.56061327523409
62.335992562801394
-8.100185162687879
-37.81827195174993
-15.908053356254516
-45.53614694462853
73.98366704207191
-152.23601066843136
-22.89081347667475
-0.8971288764742744
1.6748021950719214
30.908434036789178
-29.83876489590127
-48.417259626889305
6.962076865245433
-5.517917732851267
12.556974254899332
-0.9179957634002185
-19.877831134744888
11.788730640871522
-20.86786674992004
-32.32279839685632
-26.161588985607096
-5.2857544551806335
-2.918390862846744
13.004208408687314
-1.4060534467112857
-1.5314522771159977
-6.960337018686924
-6.13497959398938
-23.023731026197076
-18.09556202220334
-3.871460690173102
-4.568739848970051
-1.7641704717111413
-26.07448763394043
-41.88649559336748
0.0842325156402604
7.238701146359993
171.59201672320287
-318.14152759092485
-462.6796794455115
-56.52915038884841
-17.980039064958852
53.629286235413325
-58.54397204063434
142.27346035005658
580.0664146297856
-203.20636093291907
86.75620824123317
25.764879735496127
-27.26340498721774
-19.494269446746404
3.3362938341511645
-5.068180612514407
1.2745978051065041
-16.07872865129224
20.96763539475462
6.795236903581894
-2.21311756568755
-48.12029557472722
12.956110258723939
-39.456064289641716
-3660.900674812019
4027.9694847203505
134.39729128742238
-20.72288056563721
-14.892408521878327
-13.058745780311002
65.54369638854415
-204.724644521585
0.728029248225999
1.9692169463096698
111.51924361304475
-176.8751606241443
-959.3073635761015
-20.762059762338552
-7.389709167751241
1010.1690013903163
36.253460687887866
-14.034630617949139
-75.88355614147352
141.39869340540798
-18.742776608178854
9.960594118084728
2.3599058214195114
20.61918285352236
-11.12353045996981
2.9833005939198873
-60.76093503992505
17.434634970155905
-20.57657627085522
7.59199976755615
36.22026882564363
-1.6647136078425038
1.8663411854113692
109.5142131389503
-16.20086952704936
-22.525541990988923
-44.464844026534664
-41.969044550208245
-7.714980663830268
6.9277556462491425
19.89876725906754
-25.609532950765818
-7.269631511063166
-54.05611177618511
26.07318120264842
90.61000337179523
-117.15231404411873
-1358.1360510674574
-66.72776136314911
1112.8348382090883
-142.08598363528986
-74.76532448812972
106.596871481906
2.3316076458121895
-24.94947638878817
0.7030289941015688
0.4420052213994232
23.008150411947376
167.2100554452263
-217.4999358314942
111.410726013677
-8.333396117417571
-48.959315181601845
21.751541561044586
319.21332115137574
-16.843693721771665
1.613380302536183
-15.92046937086055
-9.853583102896867
-10.103396640495461
-2.590996753097011
7.800882861640197
-29.35403621424192
40.33062729057541
5.881661458592738
20.363414318627292
-41.76042022863735
-3.7771106316670915
-23.868873418980243
44.908379098306085
-26.653828011272566
-5.936821116788032
-66.12728298989809
63.0096926875636
-22.607288020346086
-2.6636053785806633
0.7136416170167985
114.56821704415577
-154.51888725801803
-106.29928240878249
0.1076961886411922
1.7999643732687751
6.920570873220557
-73.16595411844072
-9.535859558476734
9034.68116551206
6428.348298761423
-2.713002838845768
48.53182951275364
-57.34063425226162
131.95206694246076
-55.673111145046946
295.0214800996614
-177.32279287646247
-99.14545632872768
220.0600401365434
-36.362445845129145
19.222477492272258
2.8685377665355274
17.363615823626883
-11.17664835375207
-6.324064912196218
94.16772603480649
517.6258969709535
-58.78408716547547
-11.805504873791062
-19.705076473332475
38.454403209492654
-21.85275092827116
6.405112106734125
-15.72304997618019
-96.87963884329656
144.5883880520403
-108.52708952924748
37.998519121663854
-11.713603245872509
197.08528360082772
34.35642140893675
-17.39646451561899
95.84391190780806
-71.7636963382541
53.947857454463204
79.63009765961698
15.952784694706972
52.803521066389195
0.0645350270188201
-5.331417451573625
23.657139556444015
-6.247152351873101
77.7876444768589
-675.2627969379978
211.91907549003253
-3216.8360208307267
-2045.5501719175045
-493.513305684148
-443.9102052257846
-42.40602447388238
1293.7815179533238
487.584181175912
-54.81338130958998
1020.3673465704119
-535.0255687071303
-19.730861124856634
1614.0070384548192
-319.7381410863235
-404.8324165665175
-438.3024782236904
-66.91862572940478
-63.46427443021765
-57.90365196956909
-25.938328193358835
-47.06039034943294
-29.43261635212555
54.352464059693546
730.078923141258
36.05874612396781
-5.051962435774858
-2.9250423725631514
1535.821166128626
-3774.754107583927
892.056877864854
-1.0153272322639033
293.5008571439258
23.72344882681875
52.250451428259026
15.557186898388913
2.5029395641808936
0.4732728443675525
23.23010539697148
38.10789264436804
6.061389926887211
-2.3799962203020524
44.685769056770376
-14.674705057724772
-31.728245245263867
44.072275946966215
-40.92249880545774
-23.538333275856488
31.652929398600378
8.224078329023484
11.726940026768634
-143.00222848102663
71.60592944749648
-75.7633251173144
-11.3162489857359
-40.6462848628562
-11.377630823230493
-16.767754805905945
10.518007763859888
19.734356611450174
-7.6854950852902775
-2.6995362232872404
26.852735863963545
19.877465664443825
-137.88519000396712
-51.41842089526803
26.631296923664948
-22.036903526429207
101.03921587109198
135.56353167031887
-80.10848744496535
64.27334124179197
-15.108109227094602
-86.18869243981413
57.906453182078636
-121.69724199866121
6.914847762407902
324.2818730558734
2.2759148462490337
-1.6466880240586437
383.09180869536345
-34.733384788094554
-4.0805110580642285
156.1638214898648
148.17923392931152
-5.595789758093213
4773.250024342011
-0.5087160669729016
73.30221824427909
-6.912974237918959
-17.00379185768748
72.928608566163
-83.15424603091505
121.20641243255777
60.19492311645814
-12.303443237755603
-5.686383658420481
-17.441379973476764
36.55347957861258
220.3473852268654
-1.6294110602065643
120.3441861874725
4387.13766337663
-15.466857107776423
52.1487279212117
9.91114601083966
17.44481443973298
18.70000193323486
-22.877369537192173
4.761953533425
-1.0212201350424337
1553.3595396478458
-2644.9605837905137
2.250851723948384
-9.31856951793769
0.4685151300908785
3892.5228487948334
-6023.647208813899
-3754.535076993775
-19.83876158210187
-4.5337270471402755
9392.464146222472
7.442527556564619
60.158758369367305
3828.2284715210594
-8705.72198187054
-349.66914463844694
-94.2542749549051
4.944484299035217
-1.48832624170152
-22.77825666752971
262.9228196612849
-41.49394369431277
-93.21066912744428
-54.086256307092185
137.23284732957381
3289.7010045606617
421.7222858299887
-35.76120028050238
-29.614566707764382
51.44690894574804
-93.37463422381688
53.209528471794
86.33605637832716
-101.20964721945435
-1.690023707890456
-37.37569460651647
-2.577495804003517
-58.22958101034893
110.2558197718876