1871.7848
-8.8439
-4.1058
289.6985
-11.3888
-307.8728
-192.7077
3.374
-3.789
-3.003
8.009
-3.3878
-3.0507
59.2887
2.9781
-158.1087
-40.3262
-0.9999
-8.6791
-3.6421
3.8221
28.1579
-22.8085
14.1463
-27.0102
-33.4278
-15.4283
102.0738
-122.9142
177.5732
-194.6708
-9.5878
-0.591
-7.4449
-21.2902
6.5296
207.7697
-82.8785
-627.8396
-4.5539
-4.8696
18.8627
-13.4002
-1.1962
-24.7212
-62.8976
20.7683
-1456.6388
51.3752
-150.1991
-0.5786
-29.5124
-133.3076
110.1763
-234.5138
-24.8925
-11.0773
-28.3848
-17.6783
11.4499
-12.7092
-1.5614
6.8041
4.926
-11.3507
1190.9436
-2484.5111
-110.2097
-11.9447
-74.2937
-24.3941
-8.8416
-0.3193
-4.8324
31.6011
-14.2358
-16.4246
-11.4074
-3.3684
-0.5832
-28.1555
-21.0449
-3.4837
9.5906
-10.7108
-2.4631
-30.9994
-13.2741
109.176
-831.5752
-54.2097
-10.7368
-9.051
596.6176
-81.7192
-33.1422
-31.7594
168.6614
-43.5253
-95.1345
-25.0745
-15.2924
4.6993
66.1448
-18.5332
-15.6392
-6.6175
-1.088
-4.8853
-15.4712
-30.143
-0.2481
-47.5277
-2.8305
19.792
3.0205
5.7609
217.5469
-265.0008
-14.1798
-2.2002
-8.0793
-7.0931
104.1196
-116.6557
124.6351
-82.7524
-26.4843
2.0349
-12.748
19.1487
60.8197
-7.8963
11.325
-8.0721
-1.9329
31.656
392.8592
-193.1217
-796.6479
-39.5459
-99.5606
62.336
-8.1002
-37.8183
-15.9081
-45.5361
73.9837
-152.236
-22.8908
-0.8971
1.6748
30.9084
-29.8388
-48.4173
6.9621
-5.5179
12.557
-0.918
-19.8778
11.7887
-20.8679
-32.3228
-26.1616
-5.2858
-2.9184
13.0042
-1.4061
-1.5315
-6.9603
-6.135
-23.0237
-18.0956
-3.8715
-4.5687
-1.7642
-26.0745
-41.8865
0.0842
7.2387
171.592
-318.1415
-462.6797
-56.5292
-17.98
53.6293
-58.544
142.2735
580.0664
-203.2064
86.7562
25.7649
-27.2634
-19.4943
3.3363
-5.0682
1.2746
-16.0787
20.9676
6.7952
-2.2131
-48.1203
12.9561
-39.4561
-3660.9007
4027.9695
134.3973
-20.7229
-14.8924
-13.0587
65.5437
-204.7246
0.728
1.9692
111.5192
-176.8752
-959.3074
-20.7621
-7.3897
1010.169
36.2535
-14.0346
-75.8836
141.3987
-18.7428
9.9606
2.3599
20.6192
-11.1235
2.9833
-60.7609
17.4346
-20.5766
7.592
36.2203
-1.6647
1.8663
109.5142
-16.2009
-22.5255
-44.4648
-41.969
-7.715
6.9278
19.8988
-25.6095
-7.2696
-54.0561
26.0732
90.61
-117.1523
-1358.1361
-66.7278
1112.8348
-142.086
-74.7653
106.5969
2.3316
-24.9495
0.703
0.442
23.0082
167.2101
-217.4999
111.4107
-8.3334
-48.9593
21.7515
319.2133
-16.8437
1.6134
-15.9205
-9.8536
-10.1034
-2.591
7.8009
-29.354
40.3306
5.8817
20.3634
-41.7604
-3.7771
-23.8689
44.9084
-26.6538
-5.9368
-66.1273
63.0097
-22.6073
-2.6636
0.7136
114.5682
-154.5189
-106.2993
0.1077
1.8
6.9206
-73.166
-9.5359
9034.6812
6428.3483
-2.713
48.5318
-57.3406
131.9521
-55.6731
295.0215
-177.3228
-99.1455
220.06
-36.3624
19.2225
2.8685
17.3636
-11.1766
-6.3241
94.1677
517.6259
-58.7841
-11.8055
-19.7051
38.4544
-21.8528
6.4051
-15.723
-96.8796
144.5884
-108.5271
37.9985
-11.7136
197.0853
34.3564
-17.3965
95.8439
-71.7637
53.9479
79.6301
15.9528
52.8035
0.0645
-5.3314
23.6571
-6.2472
77.7876
-675.2628
211.9191
-3216.836
-2045.5502
-493.5133
-443.9102
-42.406
1293.7815
487.5842
-54.8134
1020.3673
-535.0256
-19.7309
1614.007
-319.7381
-404.8324
-438.3025
-66.9186
-63.4643
-57.9037
-25.9383
-47.0604
-29.4326
54.3525
730.0789
36.0587
-5.052
-2.925
1535.8212
-3774.7541
892.0569
-1.0153
293.5009
23.7234
52.2505
15.5572
2.5029
0.4733
23.2301
38.1079
6.0614
-2.38
44.6858
-14.6747
-31.7282
44.0723
-40.9225
-23.5383
31.6529
8.2241
11.7269
-143.0022
71.6059
-75.7633
-11.3162
-40.6463
-11.3776
-16.7678
10.518
19.7344
-7.6855
-2.6995
26.8527
19.8775
-137.8852
-51.4184
26.6313
-22.0369
101.0392
135.5635
-80.1085
64.2733
-15.1081
-86.1887
57.9065
-121.6972
6.9148
324.2819
2.2759
-1.6467
383.0918
-34.7334
-4.0805
156.1638
148.1792
-5.5958
4773.25
-0.5087
73.3022
-6.913
-17.0038
72.9286
-83.1542
121.2064
60.1949
-12.3034
-5.6864
-17.4414
36.5535
220.3474
-1.6294
120.3442
4387.1377
-15.4669
52.1487
9.9111
17.4448
18.7
-22.8774
4.762
-1.0212
1553.3595
-2644.9606
2.2509
-9.3186
0.4685
3892.5228
-6023.6472
-3754.5351
-19.8388
-4.5337
9392.4641
7.4425
60.1588
3828.2285
-8705.722
-349.6691
-94.2543
4.9445
-1.4883
-22.7783
262.9228
-41.4939
-93.2107
-54.0863
137.2328
3289.701
421.7223
-35.7612
-29.6146
51.4469
-93.3746
53.2095
86.3361
-101.2096
-1.69
-37.3757
-2.5775
-58.2296
110.2558