499.68158280183525
-3.596548137409627
-8.609173353779983
2.0596425161174237
-2.686034846243718
18.361818566851365
-17.494026662879953
19.676660999324625
-0.32678421521728396
6.616701774573524
3.715498606020404
-3.163328517620596
7.919663105238322
-13.2702817218792
8.385024781049925
21.744167721820315
13.715491123972605
2.554946557815792
-0.4893785097528318
7.347322093395956
14.107982214261725
11.500115358610515
-1.7873841170319331
-3.5310602688490063
-3.7397517201992967
2.029563844813321
7.751392270953719
0.4987486091518538
9.165312151558663
-1.9172781406374746
-1.506260569806818
-1.4745832653717967
5.592321387994607
7.481481738105746
-6.928867727236679
9.764799893332448
-11.201822178639357
0.22489540171894706
-5.905946979288317
12.29422600155662
-17.89980972269532
1.867256898744305
-3.12866138692449
9.385103126466
9.799978298412551
9.4534296860523
-10.369262083811858
10.801265921533567
2.9372059549506266
0.40427292100709256
7.929523849013099
6.35524246196731
-9.11928029160082
-1.6440965202725577
-11.258065277158373
10.08350091331819
14.392857104074047
-0.9463071782463643
-3.627292711944121
-2.468729523590614
3.7667783426427532
-1.2713719952639964
4.735269101622747
1.6080230234052093
14.660869963242988
5.042526103265416
-8.107838377598659
12.269466995205649
-5.344756175036007
-8.677557168757748
17.355167112876423
-10.008566835908798
-8.194932649560736
-6.871431583434502
-2.267062405281644
-16.848192642868085
21.335993130520222
16.669259832607295
1.0484366364485034
5.00337794584758
1.845548280879358
-17.129943676602046
8.079351636285416
-1.2632947313631648
-11.133551710567428
-10.151002730174618
11.038016194992593
5.93713989725111
-14.627588316076867
5.226009830405541
-15.76696309367304
3.8685177117507035
10.619277056588171
-12.513268625708452
-0.430770977436143
5.222731953626273
5.340073549069061
-3.6318625905697144
22.01334920430559
-7.6139154825554645
18.80338947708889
-4.624779281300253
2.3676451286687197
3.9364513626749718
23.792683729479364
-0.6810408560820012
-6.095590436231258
4.447163695531544
15.499137584150443
5.311252126531048
3.6529779009522247
-6.366360720991892
-3.0314448060097137
-2.6034210752852083
0.5483579356658133
-1.0694236056584552
-4.642089004118748
21.803516406258712
0.043759803056441005
-4.2812536029278725
15.33560846813331
6.651161530432139
-4.838360850431239
-2.432972055524715
6.154804248915843
-6.0278230019681285
-7.53178173220148
-1.7067998171618233
4.660318110798954
10.396410774285647
-5.881579405795488
6.006863116658598
14.918514717494833
-2.3249463599017375
11.521901165267929
9.906478178741063
-3.3160381025739705
-3.893616015834536
9.935689557998945
-13.854199552252656
-15.39542087295663
12.075059166792583
8.767006522231963
-2.017057406893863
-8.542323589748033
18.66538255923869
6.785000688555695
-16.776643636504836
-2.684641847496639
6.203680922111278
-13.29446636049724
-6.425586636456261
-8.019826500010524
8.1867111251999
-4.6332072434797915
9.143122390594923
5.180633170243279
-10.946522514299232
0.6371248524423032
-4.427872933577328
-0.995952352472333
7.726036599731987
13.878371170186448
-0.054904245209992375
-4.077583536190324
9.21940269456059
2.005865039764889
15.026379198214247
15.577466439983816
-2.5356019524979514
9.783037026403427
6.521595766685095
-4.336479858506243
8.10297985118868
-5.444615437114889
20.75625532736253
6.608476086528964
-9.015118862493338
16.81696990638194
2.2462234715144405
8.718789519456703
5.235955379388321
-6.394993201945811
-5.406504882338011
0.9459619118405946
-5.868072935067348
10.3262012079088
8.99253397527968
6.612718860310732
-1.2182716681634416
5.941678229188856
12.773720508430053
-9.557565845606272
-12.274320284761862
-0.47030511101917954
0.26764374002601715
-8.162081344200237
-10.129557048714128
-3.916177735691073
-3.9693530924911093
25.2829529734856
0.6561847803898875
7.6144345755790255
7.4189198091877735
2.89328338864944
-24.459947335523367
15.835506842952713
0.4878587255004678
-7.519333954487919
9.369115865064945
-0.6455625029206953
-11.59946757402073
16.625458559672037
-1.6167232626850447
1.2938622693602189
-4.988246403707782
-3.64876426201036
-8.17536731539767
11.03471678350342
-0.21383679137151113
15.767156997338148
-0.5332694577262558
-12.360751489200004
-0.9202695784353185
-0.1938544715407602
1.026724559710483
-3.3324229247602712
13.522921526454423
-13.069846622609669
2.1750021701459357
-5.415962683847203
0.29566436394909834
-13.06714911053925
6.7257359043570855
3.1580019040780973
3.462983839789824
12.848584832923594
13.643989596830613
7.8776855355855755
-17.737213515267833
7.514722054551057
12.279355455279259
-2.3686601318464957
-11.142323442794655
-15.429927707075947
0.6239861866319325
-9.225508078892059
-9.56843392566972
11.452571110854972
-0.7158179047329867
11.62691785513834
-0.5765873367396228
3.9431195199651623
-3.0649088164581433
18.319140516270863
4.945137213272858
-8.189853539271871
10.246756599336232
-6.77996840794649
11.75312823388947
-3.0739048326698653
-5.359491190952233
8.82996946387896
5.137078231187522
-4.071149187241352
-13.901422959492109
-1.2868041488011617
20.67729224815357
2.2881617144113475
-12.25837051079045
0.6037616571241866
3.041599570690868
-3.222279458985749
4.068536785008478
-1.5583699501152646
11.504536117290307
-14.909162432390064
6.920943508648337
-5.777236431636084
-1.9898534234014815
4.197107278076196
-0.2404311924943312
1.9396310332806896
15.988141475906794
3.171151362182323
-10.21688403556424
-9.592212607107081
-2.567559294557737
13.786079628055377
-5.631038694872911
18.567740508249347
4.4102800381136085
5.700985525913876
1.7310457505455623
-6.8530985754364036
4.826810101843275
5.066004871793417
8.639423477365819
5.4927177140309205
14.085364574629498
8.917608279324652
3.461900924543174
-1.061004980246909
7.131087489251878
5.269877259282799
4.3955178888810185
-9.43837097752895
13.065878983199136
1.6630952624330644
-4.715926741464614
11.47248243836383
12.855957244745262
-0.9566890796764351
-9.970378572392528
-6.624859476766511
8.878839913699002
18.482255139406412
-7.7033714181267765
-10.942541916461796
-17.474414451167217
-12.802195649237682
-22.23053294546137
1.080504680553849
-0.28411409659795495
-8.214925905419463
-4.998654408414033
6.90446502207228
9.781531792042319
-13.55747160115772
-3.3781476618665973
-6.482329649674307
-2.701429123158663
-12.422961031469324
-2.8507945453289443
-5.7401524151982795
-3.5626003621113616
7.417163268012735
0.0001323617795421228
3.0880282068257214
6.329912755993335
3.0393666063102494
-9.84412943536115
1.4820288092437535
-8.157723625252963
-8.110412151822338
11.707450750266386
4.4863496106814456
0.016339515796035098
17.45348245360904
14.047271314421078
-10.552040946042197
-6.763983664971352
-1.005477575635644
-13.209568143380373
-0.2610932599217488
-9.213556497793348
-2.4955897340692372
-0.6878565241090697
-3.233079798881178
0.8626944057415387
-2.8911225664442783
-8.778406108052007
2.494361218291335
2.955903598364488
7.826738536035168
0.1993076871138557
-16.160363710272584
11.146396720048356
8.8284599893462
4.92119278731823
4.430893417574459
-9.063251193126273
-9.301546094487449
-3.80436917809467
4.129626025688502
20.49508986592899
-2.027176427364349
-10.226015473011884
-7.6023640053008466
-1.0169257885710001
6.0743887552227855
10.778724624940722
-7.6133506661572925
9.667814456085381
-5.440907416922091
12.78335352686581
-7.184031636400544
7.126556943899196
-10.357628433702706
-4.106974179416358
2.6786711738435356
1.7972770863380232
20.95420982695697
7.152960445372104
-1.5930249299444155
6.443279786679013
15.7562901314256
8.445865010065711
-13.575113993078212
15.862625294652908
-2.2748030796579943
-21.45902985227778
6.729162182575907
-13.63708464441905
-4.742867009239494
-2.079064120238665
9.939998104432007
-2.2151205751804586
-0.7855180774520325
2.0119334852585653
-3.622225905392945
-1.1834509697794628
-3.7801625142190165
0.4292442373939558
5.019453364785243
-11.1584640943231
-3.6089375286729686
6.6301168293498245
-18.165236722272837
-13.12363666645794
10.278969606927483
-25.821186962406323
-3.5708150347427994
-12.576367062902165
-14.457040005915864
9.10725375128795
11.047731783483936
-4.108522158492822
-21.712154210249867
-0.9387542101401607
-13.762726302560214
-4.748736553856275
-8.114568304378224
-0.3648969144529888
-4.157071087825164
-1.6962382539923153
4.984962723860259
-2.297613212617444
5.762296853439506
9.634043604826873
-6.247625086141138
-17.572002840838447
3.8759021771182316
3.6135851688070075
3.329503754538851
-6.7427946835834325
1.0070528503237899
-16.928668799975377
-4.082445011130908
-5.905716061750539
0.8261415130776246
1.1251746360001587
6.315531805150904
8.33834290115703
-23.270242814264076
2.471341147626376
-10.118774352852295
4.972440775303856
7.139701223950286
0.3532507589480214
23.362053331309802
10.842099732277111
4.946731940961608
6.408378238427802
-9.885177060260403
-14.954255321367341
6.769231224197488
-3.4168263846258595
-4.342539169147272
-0.8630148239227704
-3.3722781236096306
6.997509183913964
1.975129290648717
0.24226526602670395
4.234262014951548
6.2914427101701405
0.16103694689265424
10.55755115903768
-26.504551928886105
8.681655947388048
-20.25547298967835
1.5787540535398996
-3.4384860970074564
6.457757525953496
-3.8978962656034506
6.196389473213826
-5.82105369280392
-12.724141588349086
16.887131229241696
6.769949925221489
2.5371741722920236
-6.512155214455237
-0.49465066035902083
3.1421292758999684
11.185220316707316
14.06780449798821
2.1587210919684683
-7.772672269848197
-17.459902100777295
3.662045929520011
19.13380075963313
-9.321638146665155
-6.14798514245039
-5.610096388008235
12.95779937627653
0.15855288840879922
11.217349251994449
-7.129540955910233
9.137274805412877
5.9934591943967135
6.140644151532241
8.577043457781382
-4.259094201965951
-2.036747374765456
8.93671494427512
8.241328535937665
10.86702261152314
-1.703533697962099
5.463472021594921
4.540355362114417
10.203684514912199
0.08758804066030024
5.833199716621013
-14.499146655641947
19.19575281138264
-3.194867760947279
-0.007093202636533902
1.292682995478271
-11.726654417214231
16.623828257518227
-17.275593944360637
-6.838458921194701
3.7498267059318913
4.398887461738376
-13.063769228810544
5.894220809427077
2.827050234557073
-2.154326813990954
-12.131458750493877
-0.5990616940282019
7.745014805126408
-18.25857366197898
10.965733371217343
-8.832598785564286
-0.8019118037644581
-10.200268539821922
9.152400280695328
23.52998472900902
-1.2931801795128735
-0.8320921735381805
16.930663730052192
0.08120987386507394
-6.920730619532596
-9.584241073827354
-2.6283680901585686
-7.550825064470919
6.413007947014757
-4.132447928461479
5.295725870909626
-6.438684284601088
-5.43764136942462
-5.583436554930115
2.863241830875942
-1.3599264960383235
7.89844818793949
-9.38124496496955
-4.5600364173210926
-7.882823631588164
7.316844121669619
-0.21998335618099407
17.009071930057793
6.193785664884689
3.483631077395288
-10.57278773968287
5.877514836245671
-1.6405598080377661
17.957084820173684
-17.768261799345687
2.592973648355782
-3.133581646012293
-7.951649014344728
-4.720553581899647
-5.767450627452602
-11.931696125830358
2.7886044111211903
4.335211566993538
2.1768620947390778
9.827073331527053
8.395271591235257
-3.581148425899843
5.069113449169691
1.966884045796426
3.63748552889332
-27.624758572732894
9.59209723951055
6.3300707181950315
0.1992609004678334
7.00227595626153
-7.329979442633087
1.3534296414420517
-5.144532463716346
-9.796916600319935
1.9929344381006922
-2.5655924358959443
-2.199275952540787
-5.011749204368097
-1.348286569267541
-4.115577667727013
4.648266827967525
24.671624186566774
-6.97553799833819
8.90101714247907
16.106918223015857
7.720433350947659
3.8072029739535744
11.107068658679873
-9.983480346166212
8.368135940589644
-1.1335829296854492
15.174482605331534
-4.826972225246252
6.600699291174791
6.737784213983084
0.06629856348226593
5.6748859014131945
5.9702479140741325
4.784356423324566
2.3616941026196026
3.441653194671593
0.8494283857542
7.930802280397246
-4.674984625254225
6.247025560043589
-11.569122689269534
-0.13943179305751796
4.1493850813858195
9.568469310423733
2.234363469533463
-8.235619881688605
11.317739450523815
-15.479924942326264
15.375939013168583
-7.420605276145397
-4.777248326928242
11.3383018521169
4.925443942865507
-2.2624701279061563
3.563845436885808
0.9527909059776176
1.7097600179168042
-11.06288493862279
-17.92821912102546
-10.409499057003304
3.586278789479635
1.5474801391245394
2.5020328835897407
-1.3066877422131165
1.9643990347242366
0.6419405020159576
10.565039748950275
8.979924839772865
3.970135811475931
9.002428077955019
-6.050737777252696
15.46659222536648
-4.415128929389724
5.246604115117623
-2.2055575732700117
7.368957099229462
2.3364140530194852
7.096217647607135
-15.220338926400002
-5.909261937865383
-5.959971840837808
10.494318110891525
7.33650913095598
-10.010461573038258
7.810490709323859
-14.538530470463865
7.606086959927592
11.957999549110752
-14.326746118811887
-12.729861090262299
8.494212107272832
15.405537942119697
5.774013554133528
16.59011175729748
-0.25805832740573287
2.914595369288463
-10.431969680281068
-17.814243682524815
-17.659654971558314
-1.8721716198742282
7.1002695346950375
-9.455524734324383
-15.161304540876431
-16.881768516556853
0.3648454743007381
-8.070616512576372
7.429796329060137
-2.8236974184657813
-12.161064765138534
22.884516769443742
3.8771659675807673
-1.462774023931495
-3.8045752858250252
10.895863140326483
-2.7653237554911536
-16.099336713549604
12.038593288981994
-13.792060849288989
7.463183318350067
4.64486976451665
-13.647639257470065
-0.2004320823239354
-16.736840840693855
-2.1962232437142206
0.23743832631784967
-5.355021994973811
12.151660552031622
-10.139741632957072
1.1428970978069124
6.723922783897487
9.360539912462317
-6.32032021142603
10.957424181892545
11.723453033827255
6.6814939290682105
-10.203148075617353
2.6794364176049426
-8.047171799908252
-11.38803460186535
0.5134175967727419
10.908075620370003
-17.93850885546224
-15.592860802269456
9.082581173704678
-16.316038991942076
5.802579170360926
-4.260506530713065
5.189455310954849
5.782415565684883
1.6759330561374082
-7.745790480331259
0.9169218673320216
-28.68542875787797
16.915553659042356
20.767543435773465
8.457334853108694
-1.3090977548793914
-5.781322960582817
-0.6663583353499751
1.7378765752536438
-2.175784694868307
6.143342374763229
14.383184203535002
-2.7565559023484187
8.979203090960741
10.55608639115825
13.648282817844862
6.423462950707181
-16.29029794110825
-9.741495188110676
5.125327518005472
-15.347396564160181
1.5402155284481083
14.780361897183889
17.369942208860795
7.84999452964663
5.437947941848468
-6.659178643603125
-26.91475860236416
-2.2743384805422444
13.579169858020398
25.705119590636592
-15.136105863711151
11.199738672076409
2.704435791547221
-13.248705556988462
6.486905440831666
10.80994735638412
3.8298695009674915
3.5190996702116415
0.2980069761416335
0.8745975638965735
-8.49766330735484
-2.2975704501136516
-0.3186783440563925
-12.080297606105482
-10.61816657165577
8.186228831202932
4.828430369110506
1.2253476097622515
-11.612415059831001
-2.1881254748736803
-14.233945192599336
6.171298548796697
2.528771612423137
-2.921419685219243
3.99268519475381
4.189728434659253
-14.394692288832955
-17.542360809012095
13.456042848798146
-11.174745975554549
-5.8420199220963855
-4.97333198270904
-11.184337273742123
-2.7266781396405233
-10.576383872917516
-1.7221296775359738
10.200819883821648
7.263175482874918
3.4464975427254716
11.269040094821595
6.182972967327138
-10.051569061455286
-1.338310571819421
-2.4353351059132056
2.497750228095569
-17.332473286021187
-18.534237663237814
-11.67566492165174
18.581929610834003
16.776360889904367
-11.755072085018666
-5.166466836937056
-3.9267501627309094
9.026049713662818
-11.301348284068474
-0.7526838893564087
-3.6108208939624515
-8.12956799195072
-7.626529034427019
11.439882378050273
-0.5436314732322352
1.897412903087357
4.033591605198765
-0.5169641361195412
-3.8656966006826154
0.2707387533518517
-12.556963357182129
-4.438715077599322
-7.795664287199128
-5.199906807498364
1.5372027867934195
-8.116123998357072
17.093002127660213
-6.651416220313354
-4.282695932069958
12.94833211344707
-6.80712133710862
-3.2764269312567773
12.898002392163184
10.471940912303461
-11.543792175623805
5.334673474844727
-2.41762579924385
1.086696103694436
-5.649782582997233
-2.651565191609671
-5.991108182314892
4.881175677774422
-6.267726393913636
-4.835991323108999
15.310733595728344
-18.118447151202943
-0.9332647728601788
-7.4591661932122815
11.275300604842625
-11.95632566942134
8.518023293854206
-19.43290503592597
0.7697326201175034
-13.780011514301517
8.855221322305162
0.45176940497251916
5.413506556298173
11.986093992657011
-6.535847486650122
8.008987869025358
20.219377611077793
6.076613852345191
-8.553463188596702
15.823480184731668
-4.982594834411255
-3.999731051619742
10.089929483361209
6.781119151319338
-4.279584615612784
-8.648754852733365
-18.04964198259265
-4.401553581459913
11.664718747171
13.857193011553377
21.991908126803203
-16.56069558592104
-15.846960097904287
-7.0445152234296184
-1.5986909779570504
8.573731114551277
-11.2563221359219
2.1246277586268443
4.88766740691648
-5.595462275107046
5.635671177777631
-6.178843654573831
-4.515336975758744
8.564283478914144
11.838428080407217
-7.789551256101213
21.803226674427307
3.8281825294899723
4.147152583793732
-0.631241500018471
-2.8141478731359566
18.997143312093055
-6.6011685550637615
4.327205744252672
3.4646151490004944
-2.2120623628086857
19.360892834488695
-1.1999772462264708
-9.804844279798461
-2.424912468274493
-0.07453605609889724
3.836351970048475
-1.9409759668786712
-12.170520682962785
-10.690260683015026
6.500943933475904
-4.864449931443785
12.446982620951674
-11.233453877559322
-1.8599988851340834
6.898400779938453
-14.89575189802261
-3.603270461731647
-9.57636452000358
3.695582854430194
11.55873707293294
9.773226849952062
3.194906099027481
-6.257794198798267
8.4158963284544
-6.339170294462628
-13.2995123418194
-14.911603467147836
6.2282785464570685
-3.8226578106215117
6.771949479392862
-12.262894542740593
-11.58234498165049
-15.60784758916915
-12.04037799202556
12.894876594609356
-11.01440004754425
3.609231417838658
-4.908424177903131
8.314994720550619
-13.78660490930406
0.5147077789258887
0.24271655860531638
-13.11035142438319
-6.467018554591169
-0.3358480556109029
0.03426163718541175
-1.7649796149940573
-2.7233118354004326
-3.3818105327333954
8.122059075118091
5.479662148910709
-0.07026166930561528
-5.677677687658921
10.851007568674774
-2.3506433956191666
-2.6277879146878114
-8.438155839431843
-2.7812573856151603
-10.484682596982882
0.16580469307530565
-4.10108816823408
14.073818217716294
-6.442871931250017
-6.632871053857102
-1.144515370960551
-7.671962382544658
6.023465883464498
-11.021058257361993
11.325683042090752
-12.724933025658327
13.344978220346963
17.792585662920363
4.457936357497527
-7.484454236612752
6.05626482897827
-1.8743604846402167
-4.585152074037341
5.89803557157725
-4.525455518684398
-4.830213579919235
6.988352377233559
-7.119066540913433
9.795273738588762
4.89719897632784
10.44478487366002
8.962490783748889
-5.149209997113484
-4.143344036869091
6.682140370961917
11.895670420916565
19.01941015863874
-4.523480710681133
-7.2884490970378835
0.2036927498181782
-2.682309023439653
2.725624413625132
7.9181674111214235
3.5699109733761745
1.47393558098514
3.9447802767997002
-3.1812445597692234
-6.295769969412673
-9.064352022508434